0 66 1
1 66 1
2 66 1
3 66 1
4 66 1
5 66 1
6 66 1
7 66 1
8 66 1
9 66 1
10 66 1
11 66 1
12 66 1
13 66 1
14 66 1
15 66 1
16 66 1
17 66 1
18 66 1
19 66 1
20 66 1
21 66 1
22 66 1
23 66 1
24 66 1
25 66 1
26 66 1
27 66 1
28 66 1
29 66 1
30 66 1
31 66 1
32 66 1
33 66 1
34 66 1
35 66 1
36 66 1
37 66 1
38 66 1
39 66 1
40 66 1
41 66 1
42 66 1
43 66 1
44 66 1
45 66 1
46 66 1
47 66 1
48 66 1
49 66 1
50 66 1
51 66 1
52 66 1
53 66 1
54 66 1
55 66 1
56 66 1
57 66 1
58 66 1
59 66 1
60 66 1
61 66 1
62 66 1
63 66 1
64 66 1
65 66 1
66 66 1
67 66 1
68 66 1
69 66 1
70 66 1
71 66 1
72 66 1
73 66 1
74 66 1
75 66 1
76 66 1
77 66 1
78 66 1
79 66 1
80 66 1
81 66 1
82 66 1
83 66 1
84 66 1
85 66 1
86 66 1
87 66 1
88 66 1
89 66 1
90 66 1
91 66 1
92 66 1
93 66 1
94 66 1
95 66 1
96 66 1
97 66 1
98 66 1
99 66 1
100 66 1
101 66 1
102 66 1
103 66 1
104 66 1
105 66 1
106 66 1
107 66 1
108 66 1
109 66 1
110 66 1
111 66 1
112 66 1
113 66 1
114 66 1
115 66 1
116 66 1
117 66 1
118 66 1
119 66 1
0 65 1
0 64 1
0 63 1
119 65 1
119 64 1
119 63 1
30 64 1
30 63 1
30 62 1
31 62 1
29 62 1
62 65 2
66 65 2
70 65 2
74 65 2
78 65 2
82 65 2
86 65 2
90 65 2
94 65 2
